optimization finished
[0.08870017 0.03527268 0.01895261]
[[1.         0.         0.         0.08870017]
 [0.         1.         0.         0.03527268]
 [0.         0.         1.         0.01895261]
 [0.         0.         0.         1.        ]]

 [0.09658254 0.00622911 0.01034479]
[[1.         0.         0.         0.09658254]
 [0.         1.         0.         0.00622911]
 [0.         0.         1.         0.01034479]
 [0.         0.         0.         1.        ]]


 [[ 1.          0.          0.          0.00332365]
 [ 0.          1.          0.          0.04175276]
 [ 0.          0.          1.         -0.0260784 ]
 [ 0.          0.          0.          1.        ]]


 [ 0.04260643  0.03332204 -0.11084954]
[[ 1.          0.          0.          0.04260643]
 [ 0.          1.          0.          0.03332204]
 [ 0.          0.          1.         -0.11084954]
 [ 0.          0.          0.          1.        ]]